17.4343
3.81029
0.839435
0.24089
0.271836
0.479791
0.8795
1.64191
3.10428
5.92323
11.3798
21.978
42.6219
82.9288
161.786
316.331
619.654
1215.75
2388.51
4698.12
9250.61
18231.1
35959
70977.2
140189
277056
547842
1.08382e+06
2.14513e+06
4.24748e+06
8.41349e+06
1.66715e+07
3.3046e+07
6.55231e+07
1.29956e+08
2.57818e+08
5.11613e+08
1.01548e+09
2.01604e+09
4.0033e+09
7.95103e+09
1.57947e+10
3.13816e+10
6.23609e+10
1.23942e+11
2.46373e+11
4.89813e+11
9.7393e+11
1.93679e+12
3.85206e+12
7.66223e+12
1.52429e+13
3.0327e+13
6.03444e+13
1.20085e+14
2.38992e+14
4.75685e+14
9.46881e+14
1.88499e+15
3.75283e+15
7.47213e+15
1.48787e+16
2.9629e+16
5.90067e+16
1.17521e+17
2.34079e+17
4.66269e+17
9.28834e+17
1.85041e+18
3.68657e+18
7.34518e+18
1.46355e+19
2.91633e+19
5.81151e+19
1.15815e+20
2.30813e+20
4.60023e+20
9.16892e+20
1.82758e+21
3.64297e+21
7.26196e+21
1.44767e+22
2.88606e+22
5.75383e+22
1.14717e+23
2.28725e+23
4.56054e+23
9.09358e+23
1.8133e+24
3.61592e+24
7.2108e+24
1.43801e+25
2.86785e+25
5.71957e+25
1.14073e+26
2.2752e+26
4.53802e+26
9.05161e+26
1.8055e+27
3.6015e+27
7.18422e+27
1.43314e+28
2.85896e+28
5.70346e+28
1.13784e+29
2.27004e+29
4.52894e+29
9.03588e+29
1.80283e+30
3.59707e+30
7.17715e+30
1.43207e+31
2.85751e+31
5.70191e+31
1.13779e+32
2.27045e+32
4.53075e+32
9.04143e+32
1.80432e+33
3.60078e+33
7.18604e+33
1.43413e+34
2.86219e+34
5.71234e+34
1.14009e+35
2.27546e+35
4.54158e+35
9.06468e+35
1.80928e+36
3.61132e+36
7.20829e+36
1.43882e+37
2.87201e+37
5.73288e+37
1.14437e+38
2.28437e+38
4.56008e+38
9.103e+38
1.8172e+39
3.62767e+39
7.24199e+39
1.44575e+40
2.88626e+40
5.76214e+40
1.15037e+41
2.29665e+41
4.58521e+41
9.15439e+41
1.8277e+42
3.64909e+42
7.28567e+42
1.45465e+43
2.90439e+43
5.79902e+43
1.15787e+44
2.3119e+44
4.6162e+44
9.2173e+44
1.84047e+45
3.67499e+45
7.33819e+45
1.4653e+46
2.92596e+46
5.84271e+46
1.16672e+47
2.32981e+47
4.65242e+47
9.29055e+47
1.85528e+48
3.70493e+48
7.39869e+48
1.47752e+49
2.95064e+49
5.89255e+49
1.17678e+50
2.35011e+50
4.69338e+50
9.37319e+50
1.87194e+51
3.73853e+51
7.46644e+51
1.49118e+52
2.97816e+52
5.948e+52
1.18795e+53
2.37261e+53
4.7387e+53
9.46444e+53
1.89032e+54
3.77552e+54
7.54088e+54
1.50616e+55
3.00831e+55
6.00866e+55
1.20015e+56
2.39715e+56
4.78806e+56
9.56371e+56
1.91028e+57
3.81565e+57
7.62156e+57
1.52238e+58
3.04091e+58
6.07417e+58
1.21331e+59
2.42361e+59
4.84122e+59
9.6705e+59
1.93173e+60
3.85874e+60
7.70812e+60
1.53976e+61
3.07582e+61
6.14427e+61
1.22739e+62
2.45187e+62
4.89796e+62
9.78441e+62
1.95459e+63
3.90464e+63
7.80024e+63
1.55825e+64
3.11292e+64
6.21874e+64
1.24233e+65
2.48185e+65
4.95812e+65
9.90511e+65
1.97881e+66
3.95322e+66
7.89769e+66
1.5778e+67
3.15213e+67
6.29738e+67
1.25811e+68
2.51349e+68
5.02156e+68
1.00323e+69
2.00432e+69
4.00438e+69
8.00026e+69
1.59836e+70
3.19337e+70
6.38005e+70
1.27468e+71
2.54672e+71
5.08817e+71
1.01659e+72
2.03109e+72
4.05803e+72
8.10781e+72
1.61992e+73
3.23657e+73
6.46664e+73
1.29203e+74
2.58149e+74
5.15786e+74
1.03055e+75
2.05908e+75
4.11411e+75
8.22018e+75
1.64244e+76
3.28169e+76
6.55704e+76
1.31015e+77
2.61778e+77
5.23057e+77
1.04512e+78
2.08826e+78
4.17257e+78
8.33729e+78
1.6659e+79
3.32868e+79
6.65118e+79
1.329e+80
2.65555e+80
5.30622e+80
1.06027e+81
2.11861e+81
4.23336e+81
8.45906e+81
1.69028e+82
3.37753e+82
6.749e+82
1.34859e+83
2.69479e+83
5.38479e+83
1.07601e+84
2.15012e+84
4.29646e+84
8.58541e+84
1.71559e+85
3.42819e+85
6.85045e+85
1.36891e+86
2.73546e+86
5.46624e+86
1.09232e+87
2.18277e+87
4.36184e+87
8.71631e+87
1.74179e+88
3.48067e+88
6.95551e+88
1.38994e+89
2.77757e+89
5.55055e+89
1.10919e+90
2.21656e+90
4.42949e+90
8.85174e+90
1.7689e+91
3.53494e+91
7.06415e+91
1.41169e+92
2.82111e+92
5.6377e+92
1.12664e+93
2.25148e+93
4.49939e+93
8.99166e+93
1.79691e+94
3.591e+94
7.17637e+94
1.43415e+95
2.86607e+95
5.72769e+95
1.14465e+96
2.28753e+96
4.57155e+96
9.13608e+96
1.82582e+97
3.64885e+97
7.29216e+97
1.45733e+98
2.91245e+98
5.82051e+98
1.16323e+99
2.32471e+99
4.64596e+99
9.285e+99
1.85562e+100
3.7085e+100
7.41152e+100
1.48121e+101
2.96026e+101
5.91618e+101
1.18237e+102
2.36303e+102
4.72263e+102
9.43843e+102
1.88633e+103
3.76994e+103
7.53448e+103
1.50582e+104
3.00949e+104
6.01471e+104
1.20209e+105
2.40248e+105
4.80158e+105
9.5964e+105
1.91794e+106
3.83319e+106
7.66105e+106
1.53114e+107
3.06017e+107
6.11611e+107
1.22238e+108
2.44308e+108
4.88281e+108
9.75894e+108
1.95046e+109
3.89827e+109
7.79125e+109
1.5572e+110
3.11229e+110
6.2204e+110
1.24325e+111
2.48483e+111
4.96635e+111
9.92609e+111
1.9839e+112
3.96518e+112
7.92512e+112
1.58398e+113
3.16588e+113
6.32762e+113
1.2647e+114
2.52775e+114
5.05221e+114
1.00979e+115
2.01827e+115
4.03394e+115
8.06269e+115
1.6115e+116
3.22095e+116
6.43778e+116
1.28674e+117
2.57184e+117
5.14043e+117
1.02744e+118
2.05358e+118
4.10457e+118
8.204e+118
1.63977e+119
3.2775e+119
6.55093e+119
1.30937e+120
2.61712e+120
5.23102e+120
1.04556e+121
2.08983e+121
4.1771e+121
8.3491e+121
1.6688e+122
3.33557e+122
6.6671e+122
1.33261e+123
2.66361e+123
5.32402e+123
1.06416e+124
2.12705e+124
4.25156e+124
8.49804e+124
1.6986e+125
3.39517e+125
6.78632e+125
1.35646e+126
2.71132e+126
5.41946e+126
1.08325e+127
2.16524e+127
4.32795e+127
8.65086e+127
1.72917e+128
3.45632e+128
6.90865e+128
1.38093e+129
2.76027e+129
5.51737e+129
1.10284e+130
2.20442e+130
4.40632e+130
8.80762e+130
1.76052e+131
3.51905e+131
7.03412e+131
1.40603e+132
2.81048e+132
5.61779e+132
1.12293e+133
2.2446e+133
4.48669e+133
8.96839e+133
1.79268e+134
3.58337e+134
7.16278e+134
1.43177e+135
2.86195e+135
5.72076e+135
1.14353e+136
2.2858e+136
4.5691e+136
9.13322e+136
1.82565e+137
3.64932e+137
7.29469e+137
1.45815e+138
2.91473e+138
5.82632e+138
1.16464e+139
2.32803e+139
4.65357e+139
9.30217e+139
1.85944e+140
3.71691e+140
7.42988e+140
1.48519e+141
2.96881e+141
5.9345e+141
1.18627e+142
2.3713e+142
4.74012e+142
9.47529e+142
1.89407e+143
3.78616e+143
7.56839e+143
1.51289e+144
3.02422e+144
6.0453e+144
1.20844e+145
2.41563e+145
4.82876e+145
9.65256e+145
1.92952e+146
3.85707e+146
7.71018e+146
1.54125e+147
3.08092e+147
6.1587e+147
1.23111e+148
2.46097e+148
4.91944e+148
9.83387e+148
1.96578e+149
3.92955e+149
7.85512e+149
1.57023e+150
3.13886e+150
6.27452e+150
1.25427e+151
2.50726e+151
5.01196e+151
1.00188e+152
2.00274e+152
4.00344e+152
8.00278e+152
1.59973e+153
3.19782e+153
6.39234e+153
1.27781e+154
inf
inf
inf
inf
inf
inf
inf
inf
inf
inf
inf
inf
inf
inf
inf
inf
inf
inf
inf
inf
inf
inf
inf
inf
inf
inf
inf
inf
inf
inf
inf
inf
inf
inf
inf
inf
inf
inf
inf
inf
inf
inf
inf
inf
inf
inf
inf
inf
inf
inf
inf
inf
inf
inf
inf
inf
inf
inf
inf
inf
inf
inf
inf
inf
inf
inf
inf
inf
inf
inf
inf
inf
inf
inf
inf
inf
inf
inf
inf
inf
inf
inf
inf
inf
inf
inf
inf
inf
inf
inf
inf
inf
inf
inf
inf
inf
inf
inf
inf
inf
inf
inf
inf
inf
inf
inf
inf
inf
inf
inf
inf
inf
inf
inf
inf
inf
inf
inf
inf
inf
inf
inf
inf
inf
inf
inf
inf
inf
inf
inf
inf
inf
inf
inf
inf
inf
inf
inf
inf
inf
inf
inf
inf
inf
inf
inf
inf
inf
inf
inf
inf
inf
inf
inf
inf
inf
inf
inf
inf
inf
inf
inf
inf
inf
inf
inf
inf
inf
inf
inf
inf
inf
inf
inf
inf
inf
inf
inf
inf
inf
inf
inf
inf
inf
inf
inf
inf
inf
inf
inf
inf
inf
inf
inf
inf
inf
inf
inf
inf
inf
inf
inf
inf
inf
inf
inf
inf
inf
inf
inf
inf
inf
inf
inf
inf
inf
inf
inf
inf
inf
inf
inf
inf
inf
inf
inf
inf
inf
inf
inf
inf
inf
inf
inf
inf
inf
inf
inf
inf
inf
inf
inf
inf
inf
inf
inf
inf
inf
inf
inf
inf
inf
inf
inf
inf
inf
inf
inf
inf
inf
inf
inf
inf
inf
inf
inf
inf
inf
inf
inf
inf
inf
inf
inf
inf
inf
inf
inf
inf
inf
inf
inf
inf
inf
inf
inf
inf
inf
inf
inf
inf
inf
inf
inf
inf
inf
inf
inf
inf
inf
inf
inf
inf
inf
inf
inf
inf
inf
inf
inf
inf
inf
inf
inf
inf
inf
inf
inf
inf
inf
inf
inf
inf
inf
inf
inf
inf
inf
inf
inf
inf
inf
inf
inf
inf
inf
inf
inf
inf
inf
inf
inf
inf
inf
inf
inf
inf
inf
inf
inf
inf
inf
inf
inf
inf
inf
inf
inf
inf
inf
inf
inf
inf
inf
inf
inf
inf
inf
inf
inf
inf
inf
inf
inf
inf
inf
inf
inf
inf
inf
inf
inf
inf
inf
inf
inf
inf
inf
inf
inf
inf
inf
inf
inf
inf
inf
inf
inf
inf
inf
inf
inf
inf
inf
inf
inf
inf
inf
inf
inf
inf
inf
inf
inf
inf
inf
inf
inf
inf
inf
inf
inf
inf
inf
inf
inf
inf
inf
inf
inf
inf
inf
inf
inf
inf
inf
inf
inf
inf
inf
inf
inf
inf
inf
inf
inf
inf
inf
inf
inf
inf
inf
inf
inf
inf
inf
inf
inf
inf
inf
inf
inf
inf
inf
inf
inf
inf
inf
inf
inf
inf
inf
inf
inf
inf
inf
inf
inf
inf