5.09
1000
42.4841
22.6445
12.0816
6.45406
3.45482
1.85758
1.01305
0.584371
0.406452
0.387177
0.451921
0.56219
0.711035
0.904463
1.15425
1.47673
1.89339
2.43231
3.13009
4.03446
5.20769
6.73108
8.71081
11.2856
14.637
19.0022
24.6917
32.1121
41.7959
54.4407
70.9609
92.5557
120.798
157.75
206.122
269.47
352.463
461.237
603.855
790.914
1036.35
1358.48
1781.41
2336.86
3066.55
4025.42
5285.8
6942.94
9122.26
11989
15761
20725.1
27259.6
35863
47192.9
62116.1
81776.2
107682
141822
186825
246154
324384
427554
563635
743153
980009
1.29256e+06
1.70506e+06
2.24954e+06
2.96832e+06
3.91733e+06
5.17046e+06
6.82539e+06
9.0112e+06
1.18985e+07
1.5713e+07
2.07528e+07
2.74123e+07
3.6213e+07
4.78446e+07
6.32192e+07
8.35433e+07
1.10413e+08
1.45939e+08
1.92916e+08
2.5504e+08
3.372e+08
4.45871e+08
5.89616e+08
7.79775e+08
1.03135e+09
1.36421e+09
1.80465e+09
2.38748e+09
3.1588e+09
4.17963e+09
5.53079e+09
7.3193e+09
9.68689e+09
1.28213e+10
1.6971e+10
2.24655e+10
2.97408e+10
3.93749e+10
5.21333e+10
6.90302e+10
9.14092e+10
1.21051e+11
1.60315e+11
2.12327e+11
2.8123e+11
3.72515e+11
4.93459e+11
6.53706e+11
8.66039e+11
1.1474e+12
1.52026e+12
2.01439e+12
2.66926e+12
3.53721e+12
4.68761e+12
6.21247e+12
8.23375e+12
1.09132e+13
1.44653e+13
1.91744e+13
2.54176e+13
3.36952e+13
4.46706e+13
5.92233e+13
7.85205e+13
1.0411e+14
1.38044e+14
1.83047e+14
2.4273e+14
3.21886e+14
4.26872e+14
5.66123e+14
7.50827e+14
9.95829e+14
1.32083e+15
1.75196e+15
2.32389e+15
3.08265e+15
4.08929e+15
5.42482e+15
7.19679e+15
9.54786e+15
1.26674e+16
1.68068e+16
2.22995e+16
2.95882e+16
3.92605e+16
5.20963e+16
6.91307e+16
9.17379e+16
1.21742e+17
1.61563e+17
2.14417e+17
2.84568e+17
3.77683e+17
5.0128e+17
6.65342e+17
8.83124e+17
1.17222e+18
1.556e+18
2.06548e+18
2.74186e+18
3.63981e+18
4.83197e+18
6.41476e+18
8.51623e+18
1.13064e+19
1.50111e+19
1.99302e+19
2.64619e+19
3.5135e+19
4.66519e+19
6.19454e+19
8.22542e+19
1.09224e+20
1.45039e+20
1.92603e+20
2.55771e+20
3.39663e+20
4.51082e+20
5.99061e+20
7.95601e+20
1.05664e+21
1.40337e+21
1.8639e+21
2.47561e+21
3.28814e+21
4.36745e+21
5.80114e+21
7.70561e+21
1.02355e+22
1.35963e+22
1.80608e+22
2.39919e+22
3.18712e+22
4.2339e+22
5.62459e+22
7.4722e+22
9.9269e+22
1.31882e+23
1.75213e+23
2.32785e+23
3.09279e+23
4.10915e+23
5.45961e+23
7.25402e+23
9.63835e+23
1.28066e+24
1.70165e+24
2.26108e+24
3.00447e+24
3.99232e+24
5.30507e+24
7.04957e+24
9.36786e+24
1.24487e+25
1.65431e+25
2.19844e+25
2.92158e+25
3.88265e+25
5.15994e+25
6.85752e+25
9.11373e+25
1.21124e+26
1.6098e+26
2.13953e+26
2.84362e+26
3.77946e+26
5.02336e+26
6.67674e+26
8.87443e+26
1.17957e+27
1.56787e+27
2.08402e+27
2.77013e+27
3.68218e+27
4.89456e+27
6.50622e+27
8.64866e+27
1.14967e+28
1.52829e+28
2.03161e+28
2.70074e+28
3.59028e+28
4.77287e+28
6.34507e+28
8.43524e+28
1.12141e+29
1.49085e+29
1.98204e+29
2.63507e+29
3.50331e+29
4.65768e+29
6.19249e+29
8.23314e+29
1.09464e+30
1.45539e+30
1.93506e+30
2.57284e+30
3.42087e+30
4.54846e+30
6.0478e+30
8.04144e+30
1.06924e+31
1.42174e+31
1.89048e+31
2.51377e+31
3.3426e+31
4.44475e+31
5.91036e+31
7.85933e+31
1.04511e+32
1.38976e+32
1.84809e+32
2.4576e+32
3.26816e+32
4.3461e+32
5.77963e+32
7.68606e+32
1.02214e+33
1.35932e+33
1.80775e+33
2.40413e+33
3.19729e+33
4.25215e+33
5.65509e+33
7.52097e+33
1.00026e+34
1.33032e+34
1.7693e+34
2.35315e+34
3.1297e+34
4.16255e+34
5.5363e+34
7.36349e+34
9.79379e+34
1.30263e+35
1.73259e+35
2.30448e+35
3.06517e+35
4.07699e+35
5.42285e+35
7.21305e+35
9.59431e+35
1.27618e+36
1.69751e+36
2.25797e+36
3.00349e+36
3.99519e+36
5.31437e+36
7.06919e+36
9.40352e+36
1.25088e+37
1.66396e+37
2.21346e+37
2.94446e+37
3.9169e+37
5.21053e+37
6.93146e+37
9.22083e+37
1.22665e+38
1.63181e+38
2.17083e+38
2.88791e+38
3.84188e+38
5.11102e+38
6.79945e+38
9.04572e+38
1.20341e+39
1.601e+39
2.12994e+39
2.83367e+39
3.76992e+39
5.01556e+39
6.6728e+39
8.87769e+39
1.18112e+40
1.57142e+40
2.0907e+40
2.7816e+40
3.70084e+40
4.92389e+40
6.55118e+40
8.71631e+40
1.15971e+41
1.54301e+41
2.053e+41
2.73157e+41
3.63445e+41
4.83579e+41
6.43427e+41
8.56117e+41
1.13912e+42
1.51568e+42
2.01674e+42
2.68345e+42
3.57059e+42
4.75105e+42
6.3218e+42
8.4119e+42
1.11931e+43
1.48939e+43
1.98184e+43
2.63714e+43
3.50912e+43
4.66945e+43
6.2135e+43
8.26815e+43
1.10023e+44
1.46407e+44
1.94823e+44
2.59252e+44
3.44989e+44
4.59083e+44
6.10913e+44
8.12962e+44
1.08184e+45
1.43965e+45
1.91582e+45
2.54949e+45
3.39278e+45
4.51501e+45
6.00848e+45
7.996e+45
1.0641e+46
1.4161e+46
1.88455e+46
2.50799e+46
3.33767e+46
4.44185e+46
5.91134e+46
7.86702e+46
1.04698e+47
1.39337e+47
1.85437e+47
2.46791e+47
3.28445e+47
4.37119e+47
5.81752e+47
7.74245e+47
1.03044e+48
1.3714e+48
1.8252e+48
2.42918e+48
3.23303e+48
4.3029e+48
5.72685e+48
7.62204e+48
1.01445e+49
1.35017e+49
1.79701e+49
2.39173e+49
3.1833e+49
4.23687e+49
5.63915e+49
7.50558e+49
9.98979e+49
1.32963e+50
1.76973e+50
2.35551e+50
3.13519e+50
4.17297e+50
5.55428e+50
7.39287e+50
9.8401e+50
1.30975e+51
1.74332e+51
2.32043e+51
3.08861e+51
4.1111e+51
5.47211e+51
7.28372e+51
9.69512e+51
1.29049e+52
1.71774e+52
2.28646e+52
3.04348e+52
4.05116e+52
5.39249e+52
7.17795e+52
9.55463e+52
1.27183e+53
1.69296e+53
2.25353e+53
2.99974e+53
3.99305e+53
5.3153e+53
7.07541e+53
9.41842e+53
1.25373e+54
1.66892e+54
2.2216e+54
2.95731e+54
3.93669e+54
5.24042e+54
6.97595e+54
9.28627e+54
1.23618e+55
1.64559e+55
2.19061e+55
2.91615e+55
3.882e+55
5.16776e+55
6.87941e+55
9.15801e+55
1.21914e+56
1.62295e+56
2.16053e+56
2.87618e+56
3.8289e+56
5.09721e+56
6.78566e+56
9.03346e+56
1.20259e+57
1.60096e+57
2.13131e+57
2.83736e+57
3.77731e+57
5.02866e+57
6.69459e+57
8.91244e+57
1.18651e+58
1.5796e+58
2.10292e+58
2.79963e+58
3.72718e+58
4.96205e+58
6.60607e+58
8.79481e+58
1.17088e+59
1.55882e+59
2.07532e+59
2.76295e+59
3.67843e+59
4.89727e+59
6.51998e+59
8.68041e+59
1.15567e+60
1.53862e+60
2.04847e+60
2.72727e+60
3.63101e+60
4.83425e+60
6.43624e+60
8.56911e+60
1.14088e+61
1.51896e+61
2.02234e+61
2.69255e+61
3.58487e+61
4.77292e+61
6.35472e+61
8.46078e+61
1.12648e+62
1.49983e+62
1.99691e+62
2.65874e+62
3.53994e+62
4.71321e+62
6.27536e+62
8.35529e+62
1.11246e+63
1.48119e+63
1.97214e+63
2.62582e+63
3.49618e+63
4.65504e+63
6.19805e+63
8.25253e+63
1.0988e+64
1.46304e+64
1.94801e+64
2.59374e+64
3.45354e+64
4.59837e+64
6.12271e+64
8.15239e+64
1.08549e+65
1.44534e+65
1.92449e+65
2.56248e+65
3.41198e+65
4.54312e+65
6.04927e+65
8.05476e+65
1.07252e+66
1.42809e+66
1.90155e+66
2.53199e+66
3.37145e+66
4.48924e+66
5.97765e+66
7.95955e+66
1.05986e+67
1.41126e+67
1.87918e+67
2.50225e+67
3.33192e+67
4.43669e+67
5.90778e+67
7.86666e+67
1.04751e+68
1.39485e+68
1.85736e+68
2.47324e+68
3.29334e+68
4.3854e+68
5.83959e+68
7.77601e+68
1.03546e+69
1.37882e+69
1.83605e+69
2.44491e+69
3.25569e+69
4.33533e+69
5.77303e+69
7.68751e+69
1.02369e+70
1.36318e+70
1.81525e+70
2.41726e+70
3.21891e+70
4.28644e+70
5.70802e+70
7.60107e+70
1.0122e+71
1.3479e+71
1.79494e+71
2.39024e+71
3.183e+71
4.23868e+71
5.64452e+71
7.51664e+71
1.00097e+72
1.33297e+72
1.77509e+72
2.36385e+72
3.1479e+72
4.19202e+72
5.58247e+72
7.43413e+72
9.89999e+72
1.31838e+73
1.75569e+73
2.33805e+73
3.1136e+73
4.14641e+73
5.52181e+73
7.35347e+73
9.79274e+73
1.30412e+74
1.73672e+74
2.31283e+74
3.08006e+74
4.10181e+74
5.46251e+74
7.27461e+74
9.68787e+74
1.29017e+75
1.71818e+75
2.28817e+75
3.04726e+75
4.05819e+75
5.40451e+75
7.19748e+75
9.58529e+75
1.27653e+76
1.70003e+76
2.26404e+76
3.01518e+76
4.01552e+76
5.34776e+76
7.12201e+76
9.48493e+76
1.26318e+77
1.68228e+77
2.24044e+77
2.98378e+77
3.97377e+77
5.29223e+77
7.04816e+77
9.38671e+77
1.25012e+78
1.66491e+78
2.21733e+78
2.95305e+78
3.9329e+78
5.23788e+78
6.97587e+78
9.29056e+78
1.23733e+79
1.6479e+79
2.19471e+79
2.92297e+79
3.89289e+79
5.18466e+79
6.90508e+79
9.19641e+79
1.22481e+80
1.63125e+80
2.17256e+80
2.89351e+80
3.8537e+80
5.13253e+80
6.83576e+80
9.10421e+80
1.21255e+81
1.61494e+81
2.15086e+81
2.86465e+81
3.81531e+81
5.08148e+81
6.76784e+81
9.01387e+81
1.20053e+82
1.59895e+82
2.12961e+82
2.83637e+82
3.7777e+82
5.03145e+82
6.7013e+82
8.92536e+82
1.18876e+83
1.58329e+83
2.10877e+83
2.80866e+83
3.74084e+83
4.98242e+83
6.63608e+83
8.8386e+83
1.17722e+84
1.56794e+84
2.08835e+84
2.7815e+84
3.70471e+84
4.93435e+84
6.57214e+84
8.75355e+84
1.1659e+85
1.55289e+85
2.06833e+85
2.75486e+85
3.66928e+85
4.88722e+85
6.50945e+85
8.67015e+85
1.15481e+86
1.53813e+86
2.0487e+86
2.72875e+86
3.63453e+86
4.841e+86
6.44796e+86
8.58835e+86
1.14393e+87
1.52366e+87
2.02944e+87
2.70313e+87
3.60045e+87
4.79566e+87
6.38764e+87
8.50811e+87
1.13325e+88
1.50945e+88
2.01055e+88
2.67799e+88
3.56701e+88
4.75117e+88
6.32846e+88
8.42937e+88
1.12278e+89
1.49552e+89
1.99201e+89
2.65333e+89
3.5342e+89
4.70752e+89
6.27037e+89
8.3521e+89
1.1125e+90
1.48184e+90
1.97381e+90
2.62912e+90
3.50199e+90
4.66466e+90
6.21336e+90
8.27625e+90
1.1024e+91
1.46841e+91
1.95595e+91
2.60535e+91
3.47037e+91
4.62259e+91
6.15739e+91
8.20177e+91
1.0925e+92
1.45523e+92
1.93841e+92
2.58201e+92
3.43932e+92
4.58128e+92
6.10242e+92
8.12864e+92
1.08277e+93
1.44229e+93
1.92118e+93
2.5591e+93
3.40883e+93
4.54071e+93
6.04844e+93
8.05682e+93
1.07321e+94
1.42957e+94
1.90426e+94
2.53658e+94
3.37887e+94
4.50086e+94
5.99541e+94
7.98626e+94
1.06382e+95
1.41708e+95
1.88764e+95
2.51447e+95
3.34945e+95
4.4617e+95
5.94331e+95
7.91693e+95
1.0546e+96
1.4048e+96
1.87131e+96
2.49274e+96
3.32053e+96
4.42322e+96
5.89211e+96
7.8488e+96
1.04553e+97
1.39274e+97
1.85526e+97
2.47138e+97
3.29211e+97
4.3854e+97
5.84179e+97
7.78184e+97
1.03662e+98
1.38088e+98
1.83948e+98
2.45038e+98
3.26417e+98
4.34823e+98
5.79232e+98
7.71602e+98
1.02786e+99
1.36923e+99
1.82397e+99
2.42974e+99
3.2367e+99
4.31168e+99
5.74368e+99
7.65129e+99
1.01925e+100
1.35777e+100
1.80872e+100
2.40945e+100
3.2097e+100
4.27574e+100
5.69586e+100
7.58765e+100
1.01078e+101
1.3465e+101
1.79372e+101
2.38949e+101
3.18314e+101
4.24039e+101
5.64882e+101
7.52505e+101
1.00245e+102
1.33541e+102
1.77897e+102
2.36985e+102
3.15701e+102
4.20562e+102
5.60255e+102
7.46347e+102
9.94253e+102
1.3245e+103
1.76445e+103
2.35054e+103
3.13131e+103
4.17142e+103
5.55702e+103
7.40289e+103
9.86191e+103
1.31377e+104
1.75017e+104
2.33154e+104
3.10602e+104
4.13776e+104
5.51223e+104
7.34328e+104
9.78258e+104
1.30322e+105
1.73612e+105
2.31284e+105
3.08113e+105
4.10464e+105
5.46815e+105
7.28462e+105
9.7045e+105
1.29283e+106
1.72229e+106
2.29443e+106
3.05663e+106
4.07204e+106
5.42476e+106
7.22687e+106
9.62765e+106
1.2826e+107
1.70868e+107
2.27631e+107
3.03252e+107
4.03995e+107
5.38205e+107
7.17003e+107
9.55199e+107
1.27253e+108
1.69528e+108
2.25848e+108
3.00878e+108
4.00835e+108
5.34e+108
7.11406e+108
9.47751e+108
1.26261e+109
1.68209e+109
2.24092e+109
2.98541e+109
3.97724e+109
5.2986e+109
7.05895e+109
9.40416e+109
1.25285e+110
1.66909e+110
2.22362e+110
2.96239e+110
3.94661e+110
5.25782e+110
7.00468e+110
9.33192e+110
1.24324e+111
1.65629e+111
2.20659e+111
2.93972e+111
3.91643e+111
5.21766e+111
6.95122e+111
9.26077e+111
1.23377e+112
1.64369e+112
2.18981e+112
2.91739e+112
3.88671e+112
5.1781e+112
6.89856e+112
9.19068e+112
1.22444e+113
1.63127e+113
2.17328e+113
2.89539e+113
3.85742e+113
5.13912e+113
6.84668e+113
9.12162e+113
1.21525e+114
1.61904e+114
2.157e+114
2.87371e+114
3.82857e+114
5.10071e+114
6.79556e+114
9.05357e+114
1.20619e+115
1.60698e+115
2.14095e+115
2.85235e+115
3.80014e+115
5.06286e+115
6.74518e+115
8.98651e+115
1.19726e+116
1.5951e+116
2.12513e+116
2.8313e+116
3.77212e+116
5.02556e+116
6.69553e+116
8.92042e+116
1.18846e+117
1.58339e+117
2.10955e+117
2.81055e+117
3.74449e+117
4.9888e+117
6.64659e+117
8.85527e+117
1.17979e+118
1.57184e+118
2.09418e+118
2.79009e+118
3.71727e+118
4.95255e+118
6.59834e+118
8.79105e+118
1.17124e+119
1.56046e+119
2.07903e+119
2.76993e+119
3.69042e+119
4.91682e+119
6.55077e+119
8.72773e+119
1.16281e+120
1.54924e+120
2.06409e+120
2.75004e+120
3.66395e+120
4.88158e+120
6.50386e+120
8.66529e+120
1.1545e+121
1.53818e+121
2.04936e+121
2.73043e+121
3.63785e+121
4.84683e+121
6.45761e+121
